[23.jpg]
moddate=57af5b4be24bd001
width=1400
height=600
text=1;174;46;Consultoria para el éxito de su construcción;Cooper Black;0.387852,0.742705,0.047388,6.096743;v1,4291890447,4291348582,128.000000,1.000000,0.500000,0.992188,400,2,49152;;
textactive=1
